355.3
362.08
367
370.9
399.18
405.78
410.74
415.04
439.84
446.78
452.28
456.82
480.44
487.94
493.78
498.56
521.7
529.04
534.98
540.02
562.74
570.18
576.28
581.44
605.18
612.38
618.36
623.7
645.42
653.48
659.88
665.3
670.86
688.86
696.02
701.92
707.04
744.56
754.14
762.96
771.8
782.28
796.34
812
824.3
838.58
858.68
869.7
885.2
896.7
909.14
927.84
941.3
952.36
964.86
976.54
995.02
1012.64
1024
1034.82
1045.22
1057.98
1070.92
1083.56
1097.98
1109.28
1121.14
1130.74
1143.14
1156.14
1167.76
1179.02
1190.14
1202.24
1215.96
1229.24
1240.08
1253.64
1266.02
1278.04
1290.76
1304.4
1314.88
1328.32
1340.02
1352.6
1365.98
1380.78
1391.42
1405.52
1417.82
1428.94
1440.08
1453.98
1471.16
1481.96
1493.36
1504.62
1516.36
1534.92
1546.36
1558.88
1569.3
1580.46
1593.8
1609.98
1622.2
1633.34
1645.9
1657.44
1671.18
1681.54
1691.92
1712.62
1724.28
1735.24
1747.14
1759.14
1770.42
1781.38
1795.8
1808.12
1820.04
1832.52
1844.94
1855.76
1867.42
1881.5
1892.3
1903
1913.3
1924.14
1935.84
1949.52
1960.74
1976.76
1989.3
2001.72
2007.42
2014.32
2066.14
2076.04
2085.06
2094.54
2107.22
2120.18
2136.56
2152.34
2163.26
2174.26
2184.46
2196.38
